97 38
62 71
31 74
96 97
23 95
34 19
42 67
4 94
66 11
10 93
39 41
12 39
51 67
68 30
78 48
47 83
45 84
16 58
1 93
64 18
61 15
30 61
4 92
87 55
46 15
54 16
55 87
79 56
36 65
24 44
18 71
3 39
18 69
62 31
5 92
87 80
89 67
72 85
23 34
68 90
49 91
17 63
71 40
21 23
14 62
31 40
99 68
82 41
70 37
53 54
99 64
80 11
90 7
82 40
22 63
32 14
24 39
8 32
60 40
36 36
0 4
27 59
47 65
92 92
89 25
17 66
95 88
38 80
94 61
35 82
57 98
43 65
45 13
72 26
65 55
38 15
68 9
6 27
95 29
91 32
86 31
74 16
52 35
20 20
50 77
52 62
53 51
70 3
28 15
1 88
59 86
0 81
7 58
54 25
1 50
76 33
25 8
55 57
56 73
7 78
