28 86
34 44
20 79
29 49
50 61
84 59
81 47
51 34
54 90
98 34
94 75
72 64
25 66
28 60
4 17
39 44
88 28
0 82
32 93
90 49
81 65
48 79
4 29
58 99
30 2
25 98
2 96
95 22
67 89
68 57
16 82
56 76
87 19
7 6
96 17
68 13
27 87
38 24
36 42
97 85
80 10
96 45
5 91
7 43
26 95
74 40
21 11
33 70
31 45
73 77
70 71
29 62
73 30
10 16
53 35
88 91
18 95
63 14
31 75
75 91
3 55
85 68
50 12
69 1
99 92
32 16
26 79
88 41
97 80
80 12
4 83
6 46
74 64
37 52
56 43
83 32
9 36
2 59
42 50
14 44
74 15
61 46
17 23
59 66
0 71
61 83
92 0
12 54
52 90
71 23
74 97
67 77
71 42
11 9
87 51
98 65
49 78
18 81
86 7
13 8
