56 63
83 0
56 22
64 98
80 51
94 26
28 39
85 72
61 64
26 56
27 95
30 77
8 70
42 66
22 7
91 6
33 26
79 47
32 77
58 95
5 58
44 12
38 73
16 39
41 46
10 90
92 40
50 36
45 21
89 99
29 78
54 41
49 15
31 59
54 75
52 11
57 63
17 53
82 74
34 59
95 2
43 81
30 19
88 60
61 43
90 24
63 31
56 9
65 76
84 32
9 55
68 25
69 19
96 35
38 42
38 32
0 89
23 73
44 30
78 71
35 43
15 21
14 24
93 39
97 91
13 56
17 52
2 5
48 71
72 8
40 96
94 70
57 18
28 35
91 96
37 61
50 36
18 81
71 90
66 20
86 75
19 7
89 23
0 62
1 32
1 69
3 68
67 37
33 60
23 16
22 87
4 94
9 99
72 88
11 52
12 85
26 31
84 64
46 41
7 36
