94 60
2 51
25 46
4 15
36 91
62 72
7 31
89 22
9 83
10 74
0 36
1 21
3 51
35 10
86 93
89 59
54 81
48 70
45 2
33 68
49 77
97 88
14 28
66 13
58 56
49 25
2 14
48 58
74 93
21 69
26 71
32 84
7 72
22 20
97 3
85 3
99 29
43 75
46 39
91 65
85 40
96 54
27 78
41 30
24 8
8 32
57 72
85 14
4 38
81 62
96 24
98 95
37 21
54 71
63 50
60 11
53 13
97 86
27 81
95 78
18 34
68 40
50 2
20 98
96 90
84 87
80 12
29 77
44 61
69 45
39 90
67 6
30 59
92 64
22 67
28 23
77 6
17 4
40 65
79 80
81 82
82 74
82 51
16 55
29 94
47 24
41 52
26 39
89 43
71 30
87 5
45 51
20 6
49 37
57 7
59 76
11 42
8 73
17 70
42 19
