31 26
8 23
54 53
87 62
57 63
16 68
79 3
45 48
90 92
61 4
21 48
66 2
35 63
61 88
99 70
95 75
22 83
3 38
16 31
14 7
45 16
28 46
52 86
33 68
47 74
56 25
70 56
58 38
59 74
17 89
93 45
37 59
63 28
70 19
91 46
74 85
52 81
41 85
27 50
44 32
64 62
23 10
73 98
34 20
76 47
74 55
77 89
37 56
18 96
11 19
62 59
49 52
25 51
37 84
36 23
55 98
66 78
88 94
97 42
90 92
32 60
92 29
83 39
74 84
95 80
96 95
48 82
82 64
27 85
0 37
34 48
13 5
40 1
40 63
95 22
94 69
83 65
56 53
9 51
85 50
11 67
94 82
78 15
38 89
15 2
77 30
18 96
62 81
31 68
8 49
75 1
22 44
79 81
79 21
42 20
76 1
29 20
12 11
19 60
58 71
