18 22
30 52
70 34
58 79
45 90
77 39
43 65
13 89
19 49
20 74
92 62
18 83
46 53
34 47
81 39
14 17
46 85
85 70
87 38
10 88
78 64
92 19
57 36
68 80
44 90
57 57
22 16
31 80
78 32
50 3
31 50
59 78
61 37
31 54
7 76
83 4
69 80
21 82
40 28
95 66
92 6
66 41
65 42
71 48
15 67
87 12
74 24
83 13
53 38
47 26
36 18
51 51
8 99
95 68
82 77
5 2
69 49
17 41
99 74
69 98
93 59
60 29
33 63
29 37
42 31
72 75
25 73
13 87
72 12
54 89
21 35
74 56
63 80
70 36
2 88
44 84
64 73
40 47
3 60
88 66
67 58
23 50
32 62
29 25
89 82
14 86
27 63
73 43
28 33
11 0
86 17
99 5
20 68
40 81
52 91
37 33
26 6
97 97
42 18
96 1
