29 0
13 54
80 88
3 89
6 99
83 77
63 52
96 51
35 20
77 92
5 27
78 76
11 19
91 48
72 10
13 32
90 47
97 20
91 96
71 15
69 17
42 78
0 17
6 87
9 49
70 8
8 52
9 79
93 28
43 78
21 76
12 58
57 98
11 4
18 23
13 0
72 11
48 18
16 83
17 4
75 45
13 92
84 74
19 47
22 12
23 95
95 43
53 89
33 86
27 2
1 70
2 85
90 60
40 1
32 72
8 16
37 25
76 18
57 46
37 9
23 51
70 41
89 78
64 75
80 83
3 27
81 82
55 1
50 9
99 10
57 64
34 44
96 58
51 76
70 96
14 59
87 36
31 63
60 37
98 41
25 95
94 36
25 27
51 81
42 61
30 37
26 24
35 49
66 39
67 4
37 56
46 23
7 28
39 68
76 80
16 65
32 10
50 97
3 86
25 20
