98 85
56 80
90 1
66 9
30 10
76 20
70 49
33 26
36 63
94 99
69 28
55 13
4 5
88 75
27 92
44 64
35 28
59 94
27 27
82 37
83 65
59 72
67 96
78 40
77 54
57 51
28 52
45 57
50 62
21 26
25 74
97 47
93 60
80 48
65 10
98 12
25 42
88 3
11 68
2 12
3 36
59 16
5 81
32 95
43 91
8 61
9 26
79 22
98 0
12 24
76 72
71 82
25 87
70 66
17 58
23 23
19 41
14 13
32 9
22 19
37 4
75 13
43 4
19 20
71 49
23 40
21 56
38 68
31 82
61 50
73 99
53 89
7 24
36 21
45 94
84 20
54 18
40 6
41 44
42 19
44 69
66 11
80 92
95 83
74 10
38 62
86 48
65 80
51 2
15 58
65 75
42 20
39 49
84 40
49 21
14 99
58 87
68 88
86 82
62 53
