15 33
55 62
57 88
86 48
9 11
36 77
5 56
59 16
35 15
6 8
77 62
5 26
60 39
91 21
8 13
60 94
9 95
61 40
24 92
37 77
17 56
24 18
97 96
3 91
99 92
18 97
73 91
42 89
37 69
68 46
89 22
14 80
71 76
83 90
49 72
66 61
79 75
14 48
31 58
27 60
22 67
56 35
15 82
25 10
98 84
25 10
93 41
80 22
63 22
12 3
0 77
47 56
20 15
64 70
95 37
94 40
39 96
5 40
40 48
12 36
75 53
47 98
77 51
52 55
66 73
99 6
86 64
32 30
54 1
89 29
85 80
32 85
13 93
85 36
6 81
92 9
52 26
35 87
38 78
65 34
13 38
74 19
23 55
98 78
45 97
61 87
1 28
43 72
26 88
27 34
74 94
16 44
7 4
86 29
46 65
68 20
11 29
67 89
18 53
50 79
