50 97
97 30
59 37
31 93
10 84
67 51
16 14
50 52
56 19
79 23
25 54
85 73
3 91
94 99
83 32
46 87
20 38
82 98
62 93
60 88
76 27
71 45
84 63
43 21
24 9
59 30
58 15
37 69
89 48
89 86
40 48
41 40
29 68
33 62
60 45
45 60
41 31
33 63
86 40
13 61
67 22
89 21
11 32
34 78
1 35
55 2
10 53
64 11
98 28
61 70
98 26
24 78
60 77
90 97
22 88
22 86
35 1
52 89
65 5
69 91
14 36
61 82
80 6
4 69
52 55
7 75
56 29
30 4
26 68
0 27
37 51
98 0
64 72
88 44
84 95
28 86
54 96
39 26
72 44
79 75
19 42
72 33
92 17
81 62
94 95
95 74
92 3
18 66
46 49
99 8
12 84
1 70
21 88
54 62
75 5
39 46
3 12
77 13
78 12
9 9
