82 96
15 9
79 32
96 16
65 84
75 77
56 6
58 21
76 52
69 73
17 80
56 68
88 14
34 25
4 78
91 54
23 20
21 43
81 82
54 70
8 23
28 35
55 35
69 98
35 81
57 19
55 47
52 13
7 49
17 86
66 10
15 26
11 55
15 12
41 27
86 45
4 22
22 59
62 73
92 3
79 81
36 77
63 19
49 73
48 78
56 11
13 32
90 29
78 32
50 88
64 2
60 4
34 83
30 29
85 44
42 24
37 63
80 9
79 41
7 2
72 79
18 20
72 29
70 77
26 10
57 23
12 99
52 90
89 59
76 27
80 17
51 99
75 40
39 9
39 26
38 7
87 68
43 5
4 25
46 45
83 44
65 20
37 68
86 28
8 1
5 81
89 31
16 84
61 94
71 36
97 74
45 50
48 46
14 48
11 58
2 26
33 70
67 0
81 33
74 53
