56 96
39 81
74 95
87 33
15 32
26 22
73 4
80 55
29 77
19 66
31 97
83 34
72 58
83 21
36 14
36 81
90 40
1 94
39 18
11 49
69 59
42 36
6 71
58 11
91 95
56 67
44 1
48 40
97 20
81 26
20 83
84 56
65 78
98 26
10 82
49 63
94 46
9 70
31 80
28 8
40 19
64 16
68 57
34 24
29 25
29 95
67 5
45 75
72 39
70 88
7 14
24 49
51 50
28 92
38 72
76 92
74 75
5 67
87 37
18 41
84 54
35 27
23 61
72 30
84 91
73 99
36 10
88 99
89 79
24 46
15 30
44 47
12 47
78 2
9 52
43 73
77 9
97 42
7 53
69 55
93 50
2 70
35 39
4 77
86 62
85 85
26 77
90 18
0 93
7 60
38 72
89 53
75 68
96 90
44 56
13 98
17 32
79 30
90 3
51 57
