82 84
91 29
43 17
28 9
72 34
66 20
31 91
80 67
33 53
96 2
63 95
49 79
64 74
59 28
39 76
61 40
6 28
93 18
31 10
54 87
51 54
25 94
22 97
48 38
35 71
41 47
26 71
20 61
60 84
5 71
38 72
8 88
38 30
96 59
75 38
97 46
4 40
58 58
44 75
64 23
23 8
77 48
30 70
7 85
15 48
69 35
49 17
99 59
43 97
88 18
40 12
76 71
34 80
6 76
45 85
87 77
78 28
3 83
4 62
84 29
57 9
86 80
44 15
35 23
27 10
39 42
90 3
81 67
46 66
37 61
92 55
45 26
92 81
9 67
96 30
0 13
14 82
12 86
43 55
24 73
1 68
52 66
63 79
8 62
98 19
53 95
11 69
21 32
99 65
14 65
11 69
16 89
37 1
98 6
3 56
81 8
92 4
68 86
52 89
88 93
