19 81
58 86
83 17
45 5
11 31
68 22
69 68
55 61
9 7
16 98
17 84
87 55
85 17
48 55
48 53
7 83
32 57
88 14
25 92
14 23
3 59
15 97
36 19
30 3
46 10
12 52
33 49
34 0
59 65
89 34
47 41
38 55
80 50
61 85
86 84
56 30
90 51
60 75
84 17
28 50
44 63
93 49
49 33
50 54
66 69
71 86
35 93
16 32
21 35
42 51
96 8
2 96
2 29
74 71
43 20
28 72
27 64
78 21
24 20
66 26
73 10
70 41
80 85
71 47
56 72
72 68
82 76
35 25
25 41
62 54
13 94
69 70
51 45
92 49
35 99
74 68
43 48
70 60
87 76
57 37
58 40
45 13
65 34
2 89
91 78
56 58
82 8
94 47
63 18
7 9
4 50
40 91
77 17
66 50
38 67
66 52
3 29
6 33
33 95
18 45
