32 47
31 32
68 61
77 5
57 9
18 32
79 43
18 50
38 26
63 1
23 3
19 49
86 91
96 21
44 9
74 77
67 18
84 41
11 20
24 75
85 8
34 35
99 49
36 7
70 40
35 66
9 97
51 75
91 66
2 29
5 92
65 78
45 54
46 82
37 97
48 95
33 47
20 37
92 38
36 78
60 41
47 55
33 25
62 39
90 42
11 93
53 30
91 9
31 95
26 67
21 28
80 2
53 59
73 26
10 39
25 87
0 4
71 13
28 58
41 92
29 94
71 56
10 42
79 7
44 76
78 45
21 30
17 25
98 94
72 23
85 89
14 73
15 28
50 22
59 83
88 62
51 27
1 34
54 76
98 63
93 36
77 78
75 70
66 86
97 53
43 99
82 86
76 57
55 26
69 4
71 52
23 22
16 6
6 58
43 69
90 32
27 81
76 44
83 93
73 30
