28 39
80 18
90 25
89 88
79 0
35 27
92 87
69 53
29 26
67 73
95 47
38 96
69 84
87 78
44 6
72 35
79 68
45 78
32 13
56 64
23 58
89 1
95 98
34 2
3 96
55 65
38 97
46 68
78 75
67 12
42 55
75 93
97 71
30 54
63 26
12 81
77 73
55 19
20 14
32 84
15 31
5 18
91 16
12 21
61 93
17 76
2 48
83 74
51 89
32 4
95 57
16 5
57 60
81 62
1 92
1 6
29 86
33 47
85 82
23 25
43 36
98 20
70 24
49 86
27 64
19 19
99 90
40 45
86 7
80 71
78 14
66 44
10 94
83 29
68 49
38 39
74 91
51 22
51 58
60 40
37 8
13 43
61 2
70 77
21 92
8 40
59 75
74 41
48 9
34 55
52 7
19 29
46 85
75 87
11 17
58 6
58 49
72 59
98 56
54 50
