9 10
45 1
91 54
24 27
17 53
71 72
15 95
78 71
45 42
18 2
96 56
93 11
34 14
93 50
39 37
93 3
61 83
13 5
5 77
34 92
0 49
79 82
22 22
64 21
81 43
8 93
0 27
4 28
37 18
29 68
97 52
6 88
53 99
43 44
28 58
67 95
87 35
42 6
19 48
36 84
19 48
46 33
69 20
74 73
53 52
85 33
94 53
56 12
7 21
42 76
59 36
66 98
66 83
55 26
63 37
63 23
88 51
49 21
92 30
99 29
47 36
7 72
14 85
56 4
62 0
35 9
96 64
68 69
77 1
13 64
71 41
80 38
25 21
42 73
83 80
84 5
57 54
60 99
69 2
12 65
13 38
90 23
89 82
62 16
48 52
33 32
43 96
3 6
40 86
10 3
99 14
15 84
70 30
84 77
15 51
27 31
19 56
83 14
65 27
1 31
