70 94
94 9
37 79
3 3
59 68
7 51
27 58
21 60
14 98
63 94
64 74
17 5
79 24
4 78
97 50
45 7
62 38
48 87
45 69
67 44
74 0
20 26
19 51
50 33
60 25
91 53
53 89
76 75
6 44
82 39
7 84
15 59
76 67
87 48
88 24
73 98
48 62
54 31
7 8
93 48
42 29
31 92
61 88
16 13
98 14
8 25
23 40
23 72
50 81
22 77
59 2
5 64
21 28
82 0
27 21
96 33
52 64
84 43
73 49
2 76
69 10
47 88
95 92
18 85
65 58
90 71
36 11
85 9
12 68
35 28
86 32
42 16
80 60
46 5
52 41
99 87
30 25
35 6
65 47
33 83
91 41
8 28
89 24
37 19
58 42
15 63
37 57
71 56
20 26
72 66
55 1
1 88
11 93
34 99
10 33
18 55
2 11
81 91
80 45
36 75
