13 43
10 95
11 21
12 59
91 82
85 64
15 74
40 10
17 33
18 22
19 0
55 12
94 57
22 95
81 56
68 59
25 10
99 51
63 71
8 32
39 4
30 30
61 18
23 68
38 47
92 8
35 19
0 89
37 27
61 87
95 2
88 98
37 40
15 22
74 3
83 59
71 27
97 7
65 68
31 79
89 70
3 87
85 61
64 2
84 36
1 87
44 10
75 21
24 46
40 76
4 51
83 20
15 39
6 33
76 18
93 32
50 85
66 63
73 34
68 60
69 49
51 49
97 80
48 62
65 77
16 8
70 58
96 44
92 72
78 95
10 72
80 74
50 52
55 87
84 76
60 37
42 62
29 67
87 70
53 13
86 12
17 81
35 45
11 22
90 30
5 54
24 0
44 60
35 85
53 19
26 94
0 52
24 64
4 4
29 46
71 55
24 89
57 58
15 14
8 24
