29 53
13 21
31 42
32 68
61 30
34 10
63 0
81 83
3 40
38 13
96 95
34 98
70 36
1 26
45 24
33 65
43 9
46 34
1 28
40 3
68 29
60 15
51 92
87 17
41 2
14 5
55 66
75 1
79 61
75 18
59 45
91 41
76 48
19 43
71 84
64 41
20 14
50 22
64 56
1 28
12 11
53 6
77 26
85 61
73 33
52 57
4 21
50 95
45 25
23 9
43 21
80 55
81 30
82 28
47 85
34 19
85 0
33 45
97 90
22 43
60 15
70 92
36 94
39 62
93 76
94 91
98 58
96 78
91 16
98 21
84 95
16 36
54 44
2 12
7 67
63 49
4 48
6 94
11 49
67 6
37 8
83 0
99 86
12 56
79 5
14 72
15 88
88 16
89 44
18 66
70 51
7 10
21 2
36 5
27 65
74 51
2 35
14 31
71 55
28 19
