85 33
52 17
64 77
62 31
25 70
65 31
68 67
90 91
6 12
72 94
54 50
55 30
83 15
75 49
81 90
59 75
48 78
3 55
61 12
94 53
58 54
4 2
80 0
36 49
68 57
46 14
95 30
74 40
76 42
73 91
93 73
10 43
27 51
77 71
82 72
79 10
17 18
37 15
37 99
78 79
49 5
99 57
86 89
43 40
32 69
27 56
20 46
65 47
75 55
93 62
63 32
88 32
98 70
76 68
80 35
99 92
35 48
61 88
18 2
3 34
4 94
5 64
24 41
23 40
26 29
9 69
10 88
84 21
34 25
76 3
87 45
95 25
16 29
60 7
39 45
19 1
20 13
60 60
52 11
41 55
92 4
1 22
37 95
27 84
28 6
64 16
91 92
82 70
22 68
74 35
98 16
35 24
22 30
7 47
17 44
83 97
40 87
32 29
30 8
51 77
