53 33
46 94
35 99
81 13
84 21
37 52
68 91
15 52
53 37
61 63
47 74
30 9
76 73
48 6
74 42
74 90
54 27
7 14
51 78
64 64
21 91
72 80
22 97
97 44
3 59
10 43
70 78
72 12
73 81
43 60
77 57
76 10
50 78
84 64
58 38
5 91
55 47
19 38
83 89
84 95
20 35
86 98
97 5
88 30
89 21
47 10
91 6
98 5
34 1
57 21
26 55
0 75
32 41
98 87
23 0
61 61
34 90
15 42
3 8
22 65
79 49
16 8
58 56
67 84
62 49
7 3
66 72
43 2
13 24
70 31
52 69
16 52
56 7
18 95
20 9
39 5
75 79
53 11
94 64
24 61
79 88
23 16
27 91
28 24
29 30
30 82
53 93
14 87
85 17
25 40
17 28
36 60
60 66
12 90
99 45
28 44
62 33
75 96
46 96
44 71
