66 92
56 63
68 22
76 17
89 25
53 67
69 48
17 61
67 95
39 14
22 15
60 52
22 3
85 26
25 17
90 5
84 16
10 81
51 37
40 11
86 78
57 2
46 29
0 41
27 93
83 65
13 66
56 78
20 35
15 16
45 70
60 70
9 86
64 6
96 77
72 16
12 19
73 94
15 45
50 45
38 18
33 58
61 23
73 3
74 61
99 25
64 94
10 16
39 14
36 90
24 82
30 34
55 99
21 15
91 74
45 93
42 66
87 25
82 75
48 35
82 19
93 8
51 34
12 12
71 42
52 13
49 92
20 98
68 20
92 28
79 49
37 40
72 61
32 40
19 52
41 84
4 11
76 99
84 8
7 43
43 43
5 71
63 80
49 18
0 42
47 26
31 54
75 59
54 82
58 81
58 46
13 30
85 44
54 23
97 44
83 63
80 24
63 4
17 69
20 30
