41 74
75 67
43 7
3 34
45 2
46 81
90 38
80 26
42 77
73 46
52 3
79 56
1 58
74 12
5 47
93 30
57 14
82 51
15 19
92 28
16 24
62 32
63 43
8 20
6 63
96 45
0 6
81 99
16 57
56 36
99 48
5 89
39 41
87 37
66 99
76 2
19 54
47 12
90 62
40 67
31 61
58 49
83 59
42 63
53 33
70 41
6 38
88 70
91 72
98 96
91 87
22 88
85 77
47 40
71 65
94 55
97 81
79 93
78 92
52 69
9 20
96 29
85 94
4 61
56 15
98 46
77 54
8 50
96 30
1 49
27 60
12 10
86 63
14 36
21 95
27 71
17 48
36 24
57 15
43 14
11 29
10 17
82 88
17 97
38 77
89 91
68 71
44 44
25 66
9 98
13 55
79 99
79 21
2 10
23 11
36 23
83 70
40 84
41 35
40 32
