62 99
33 15
86 50
79 15
83 3
42 8
72 85
73 44
54 70
41 62
77 31
77 8
53 38
3 16
52 75
58 9
88 24
25 58
19 73
85 59
94 79
76 34
78 56
89 61
10 76
34 27
92 22
37 97
86 2
81 40
3 6
44 30
83 26
39 96
43 72
75 67
35 5
79 46
68 46
5 47
37 14
65 98
87 20
36 71
10 65
0 9
4 22
88 69
1 19
68 53
16 43
17 20
43 0
19 79
96 49
71 57
42 96
55 40
63 11
97 87
47 96
67 33
91 73
6 89
6 29
14 19
63 18
15 21
41 15
90 35
45 89
20 60
38 74
98 4
28 7
91 18
81 13
18 66
71 18
38 84
6 44
47 17
82 33
52 4
92 5
16 69
1 72
24 43
36 84
70 94
93 47
63 31
64 81
59 8
11 44
88 19
55 24
87 12
64 34
90 23
