14 33
32 85
47 25
3 2
6 26
51 30
57 66
70 52
92 59
39 72
45 71
43 19
55 59
7 94
92 8
23 23
75 1
48 60
15 91
91 69
30 27
88 12
46 38
11 84
30 57
56 36
37 75
23 80
76 67
55 43
35 19
90 96
63 29
64 12
85 55
13 71
67 73
36 62
27 25
42 24
49 83
3 7
73 39
16 75
4 35
76 98
0 68
42 87
34 81
40 25
22 77
9 84
23 38
41 89
24 70
96 0
13 90
88 52
28 78
40 81
91 19
6 53
93 91
94 15
64 86
2 10
97 5
48 12
69 38
10 43
37 34
20 73
83 47
41 48
5 24
38 90
78 65
63 88
29 60
23 21
54 85
12 11
54 74
50 58
97 94
74 61
17 44
18 48
69 14
74 86
95 65
6 4
54 14
85 96
56 82
66 31
36 63
82 21
8 61
14 68
