20 75
23 87
58 46
74 4
51 17
59 68
82 45
61 98
60 24
70 56
80 3
65 92
97 99
95 92
42 14
72 60
96 15
59 2
36 25
77 37
90 95
95 54
46 48
90 51
37 75
49 6
65 60
52 59
88 78
7 46
84 79
56 39
58 10
24 15
21 42
89 81
82 0
91 79
19 64
38 27
1 14
34 49
70 84
5 19
76 13
99 29
0 88
25 76
14 53
12 94
21 20
86 89
91 90
8 31
45 59
9 31
26 74
11 36
6 28
40 94
12 74
67 70
8 7
91 9
18 22
4 16
20 91
91 91
28 33
49 91
85 25
72 99
51 97
36 50
65 9
83 58
57 62
26 68
69 8
55 9
26 59
35 43
86 93
10 27
98 85
63 25
39 36
81 47
31 30
63 13
44 72
45 92
57 16
66 18
48 41
32 17
73 35
90 4
81 41
53 83
