10 87
42 37
87 74
47 6
40 20
41 76
8 66
29 68
52 18
70 35
23 86
20 57
37 77
49 65
97 58
51 39
22 45
50 63
67 10
52 80
56 5
43 18
18 69
53 2
9 30
61 94
9 49
39 88
64 24
49 3
66 50
67 50
18 68
69 33
38 27
55 65
69 39
73 50
84 14
75 16
48 86
53 1
54 13
44 10
80 55
25 83
95 9
83 40
13 12
48 95
51 92
77 72
71 43
70 57
32 22
91 64
85 41
93 36
81 59
95 13
96 80
88 96
98 31
7 75
95 16
8 45
2 99
4 88
7 3
25 46
63 14
47 87
1 86
34 93
56 46
94 3
68 1
40 78
6 51
72 43
12 55
92 78
26 83
19 81
70 1
62 11
9 89
65 56
15 60
16 2
23 44
27 82
21 44
89 61
87 28
57 5
76 23
79 60
96 17
35 23
