22 33
33 43
29 72
96 79
60 17
57 2
23 6
49 95
64 76
12 47
88 7
45 12
87 42
99 9
94 49
66 5
54 9
1 17
25 43
24 30
24 28
31 58
32 68
82 27
55 78
86 4
37 33
48 5
53 92
11 23
74 75
76 10
42 40
80 18
25 82
43 89
34 58
12 48
48 19
99 93
53 97
67 98
77 73
26 88
3 60
63 43
63 42
57 31
37 70
78 20
13 20
61 51
18 34
24 96
44 52
14 57
21 96
9 19
32 19
84 98
70 90
46 56
69 65
85 21
93 78
75 4
51 14
3 81
78 91
83 84
74 97
72 35
71 92
5 84
0 16
70 75
30 77
34 29
3 4
62 73
45 36
80 30
92 2
70 93
26 24
54 87
50 58
51 88
15 52
28 41
0 47
80 5
16 56
89 28
23 80
81 19
61 14
89 8
21 90
25 46
