38 55
73 40
71 24
50 32
84 15
54 22
44 59
55 80
20 68
58 41
51 22
50 94
99 39
62 58
7 70
91 98
65 69
89 76
33 45
4 54
69 67
82 97
71 79
25 77
73 26
84 16
86 19
14 25
9 95
40 74
8 28
18 62
11 95
31 17
28 59
98 35
60 37
70 0
67 12
83 43
20 40
60 23
91 85
93 21
15 27
43 84
36 5
5 98
52 23
87 45
46 86
0 53
95 57
46 24
3 5
30 67
92 53
6 39
13 62
86 10
9 73
6 6
70 42
1 78
90 87
17 29
49 82
29 4
40 39
37 98
94 56
89 83
39 94
74 7
23 4
75 7
75 42
66 60
57 36
5 61
48 3
77 23
3 34
93 8
85 11
44 96
2 2
17 42
61 35
61 46
39 26
81 63
72 11
88 48
82 39
80 32
61 87
97 90
36 58
71 73
