38 59
10 52
60 92
96 37
16 83
43 98
44 37
31 69
46 18
47 50
7 49
90 76
36 0
64 4
27 91
53 46
68 17
35 17
32 40
26 10
7 20
8 56
91 58
61 70
77 67
2 25
42 64
57 70
67 30
67 44
11 96
53 80
54 22
40 34
89 0
81 33
23 94
48 16
80 61
85 78
78 92
89 35
33 25
22 13
82 19
72 61
99 84
19 47
86 63
39 31
97 78
94 38
32 57
39 13
28 64
15 65
95 8
95 37
96 36
12 91
31 45
74 74
0 23
77 23
97 92
24 22
4 70
5 90
84 31
79 25
94 48
99 48
40 51
3 61
29 41
34 57
19 41
24 88
49 9
6 62
18 63
14 11
33 5
85 34
23 88
48 55
34 87
25 82
11 38
54 84
43 86
66 93
37 44
9 56
58 88
81 21
1 28
39 20
0 91
75 73
