19 51
17 84
8 30
57 5
80 47
70 79
28 59
31 97
89 83
52 54
1 8
95 7
22 77
80 45
1 70
39 98
61 87
57 14
32 91
83 51
97 82
63 40
97 87
7 12
42 80
20 42
27 84
47 19
34 0
82 66
61 39
26 74
81 99
2 58
73 69
9 95
71 26
92 16
57 37
0 96
85 38
78 48
89 2
23 75
59 10
64 50
16 41
61 43
5 92
35 15
11 83
62 24
65 12
55 72
50 79
77 55
18 38
82 43
39 59
71 96
95 70
29 31
86 94
15 54
91 30
6 2
22 76
45 74
56 64
32 76
24 28
92 66
96 69
98 93
29 10
37 8
6 46
27 10
75 47
88 49
23 25
31 93
94 38
25 13
60 74
81 89
53 73
36 18
36 32
36 34
90 90
68 28
1 59
67 62
18 44
16 5
3 24
21 52
16 48
80 60
