57 76
30 42
59 14
61 51
30 36
18 57
32 32
72 1
31 54
0 48
96 59
12 59
46 47
33 36
28 12
42 46
99 24
43 70
52 7
45 2
75 74
47 29
17 18
23 21
16 84
5 41
53 96
13 65
83 19
55 44
56 37
26 2
58 83
32 72
60 51
40 19
34 81
46 43
64 16
71 4
85 49
67 95
49 52
36 22
6 87
33 56
92 29
27 26
92 68
85 44
80 47
82 85
68 51
26 76
19 32
81 77
82 39
10 28
35 2
19 98
86 64
47 45
82 66
3 2
41 83
15 18
38 52
91 6
25 21
23 19
90 81
97 74
9 62
31 63
50 78
52 35
5 8
67 43
94 24
42 14
90 89
0 45
4 37
89 48
69 52
39 87
93 69
40 95
14 0
77 20
80 15
91 95
18 97
8 37
70 67
79 98
89 55
7 73
79 23
88 58
