18 61
31 22
58 11
52 92
22 85
36 27
64 53
41 87
13 60
38 20
73 98
73 45
54 64
31 20
83 74
87 59
31 93
36 64
40 63
7 21
80 95
65 72
61 32
77 5
0 18
30 45
85 85
45 68
50 81
14 84
56 3
48 76
67 68
26 91
52 34
66 8
90 69
22 5
28 44
96 12
83 58
65 40
96 52
8 25
62 13
4 82
80 27
27 1
9 88
30 22
97 51
2 11
12 47
17 57
70 17
15 45
3 33
89 46
42 60
74 17
9 78
47 86
7 55
71 93
84 49
43 17
66 26
96 31
26 95
75 24
7 78
39 16
58 41
84 63
16 7
92 0
94 25
29 56
39 35
22 94
67 24
2 59
44 46
46 82
72 30
54 69
59 10
98 6
77 70
55 75
82 42
49 12
18 90
79 52
58 95
81 23
99 76
68 79
87 20
37 19
