17 85
94 73
87 37
42 54
72 80
10 72
19 9
28 63
90 49
59 11
53 26
17 27
25 49
80 70
85 8
11 75
51 86
88 92
78 86
68 76
64 82
88 58
56 22
93 53
86 22
42 39
80 96
56 36
68 91
81 23
43 29
6 43
45 36
40 30
97 82
34 10
82 61
2 10
35 41
24 0
31 56
72 9
66 64
14 49
48 32
41 79
93 77
60 92
89 88
86 68
36 79
60 48
8 37
0 4
32 10
61 98
40 83
70 62
43 22
54 21
30 34
74 28
76 70
50 62
51 15
57 55
66 58
25 59
7 51
69 69
83 7
3 43
97 81
65 46
22 5
92 47
53 72
99 30
91 17
92 65
5 61
94 65
52 98
95 91
6 70
62 44
63 39
0 18
47 38
40 20
98 13
46 12
33 29
1 71
21 96
78 92
52 35
34 26
84 45
33 67
