58 69
26 87
41 40
8 58
75 62
67 68
22 75
33 70
68 53
22 36
94 0
72 20
52 61
12 52
85 12
89 33
14 80
83 74
78 41
7 19
57 19
95 85
71 78
81 54
3 97
5 35
98 39
86 38
74 45
63 15
96 93
30 56
32 57
1 39
65 29
87 36
65 27
3 96
23 66
54 38
40 0
45 31
64 33
94 82
42 98
2 24
18 30
74 50
82 20
49 49
68 99
17 30
89 17
65 1
16 59
21 39
62 83
41 92
79 43
37 73
99 89
21 31
60 41
47 22
30 47
19 9
32 77
0 34
56 9
35 91
90 71
28 90
88 47
64 93
22 92
73 35
13 12
43 12
51 55
7 58
44 2
86 26
81 60
50 70
50 10
10 96
76 48
53 0
54 84
95 80
13 82
77 79
25 69
33 71
51 42
61 77
62 91
11 37
46 52
4 47
