94 46
17 10
18 2
19 58
78 6
13 38
53 80
31 35
92 52
91 16
86 63
33 12
70 50
57 85
43 79
30 94
32 3
24 2
58 93
42 39
48 13
41 4
77 74
39 36
4 55
23 1
58 40
72 3
75 85
56 75
22 54
45 44
28 78
59 16
40 81
15 46
52 95
27 65
80 0
89 45
7 71
40 68
74 75
27 35
60 41
76 16
15 69
30 96
97 18
57 63
61 10
76 29
68 52
69 96
25 87
1 41
72 98
35 0
24 67
73 80
4 16
12 20
2 10
79 51
76 51
1 83
82 28
65 49
42 96
37 32
50 9
66 84
88 5
73 62
38 74
35 61
67 81
93 26
98 0
95 15
80 11
53 9
14 92
99 91
23 84
62 86
87 95
48 37
60 3
21 87
64 45
81 26
5 7
9 47
90 31
97 55
51 52
34 29
95 17
54 0
