24 54
23 93
52 71
39 61
42 10
0 22
4 69
33 36
29 21
30 8
90 75
16 7
31 28
2 32
20 9
85 42
59 41
25 81
75 16
46 35
68 18
84 50
33 27
67 83
83 7
11 28
89 67
87 12
35 6
22 97
66 87
29 0
56 3
71 10
60 80
48 61
64 35
16 99
1 48
2 2
95 98
19 34
13 49
40 45
70 23
88 47
46 14
27 90
88 41
4 19
9 49
4 26
94 86
69 74
17 65
51 76
19 72
80 58
89 82
47 74
23 50
25 8
8 81
96 54
4 45
38 79
63 73
37 17
34 95
53 58
13 19
17 3
11 87
96 93
86 18
38 38
38 79
93 77
3 60
62 40
67 49
6 15
75 44
98 39
47 78
84 85
85 59
6 24
78 58
32 76
92 24
91 91
60 17
7 14
57 43
14 14
92 78
15 55
5 77
20 99
