24 48
53 24
62 39
20 6
97 5
70 14
5 91
58 56
10 96
72 21
0 14
57 88
4 86
50 76
82 17
64 82
94 58
37 1
22 17
24 21
70 12
38 45
30 67
29 39
55 81
42 16
69 97
95 32
19 7
65 32
26 75
12 31
97 72
98 22
25 70
71 92
41 51
54 36
2 9
14 76
67 24
32 8
7 1
15 6
9 34
87 35
53 54
47 38
29 57
31 39
66 92
63 85
23 84
92 68
99 81
27 44
49 42
17 89
27 77
77 13
60 76
78 27
43 67
37 11
74 93
82 16
40 97
57 85
98 96
80 53
33 18
92 21
83 63
33 74
98 59
96 82
91 7
88 42
79 22
90 96
97 36
2 89
61 45
65 60
99 3
85 65
31 52
35 77
5 8
23 9
36 28
8 46
52 59
71 84
74 48
40 99
11 55
12 69
86 54
16 38
