97 74
47 11
82 15
90 22
13 70
11 75
97 93
94 52
30 86
99 26
91 21
17 60
79 91
24 43
94 73
21 50
56 71
24 11
52 96
51 54
18 58
53 14
64 39
67 35
25 25
31 66
32 75
89 49
42 72
98 23
68 66
89 41
1 78
83 52
40 1
98 45
92 36
36 96
42 35
91 31
87 8
79 7
48 12
57 76
33 27
73 39
95 41
21 63
54 86
3 77
73 5
55 13
58 59
65 46
27 29
15 74
41 20
5 0
61 15
65 1
10 71
29 67
97 54
28 92
76 45
54 58
60 32
23 34
74 38
51 49
0 72
3 4
24 56
50 16
85 88
81 10
88 19
86 57
40 23
42 4
10 44
87 46
47 12
38 25
90 68
89 44
36 70
2 7
6 72
49 87
44 69
28 53
55 32
9 83
0 48
62 28
79 44
80 12
37 80
36 60
