51 5
80 76
10 97
14 30
64 51
5 92
2 78
46 91
55 87
17 45
15 38
18 44
20 41
71 9
88 50
82 25
48 21
99 14
97 97
74 49
14 79
80 75
85 77
83 72
75 7
69 69
73 43
65 11
28 9
81 17
35 90
12 28
91 38
88 42
42 45
22 91
19 6
45 37
94 66
22 28
25 78
57 44
0 99
44 43
26 86
92 18
78 33
8 24
16 67
93 39
93 54
51 59
4 98
68 29
40 50
71 53
54 22
8 21
66 36
33 77
30 35
70 40
83 66
35 20
96 27
18 31
90 13
50 94
20 56
63 72
39 41
4 69
42 66
65 17
85 60
32 24
3 49
94 95
47 89
26 14
34 3
48 84
57 42
13 89
15 73
36 63
30 52
95 95
75 54
62 52
53 61
23 23
46 44
32 86
85 96
10 90
19 60
37 22
24 9
31 92
