63 34
78 55
37 88
71 7
0 79
93 6
80 30
93 27
2 62
29 13
55 67
72 32
99 55
8 29
88 50
39 74
66 26
16 10
61 83
86 21
10 49
64 55
96 91
53 70
75 56
11 66
78 29
50 42
51 19
68 50
89 28
72 32
20 60
42 5
85 73
79 82
49 48
54 15
40 31
25 83
9 91
12 48
0 65
33 58
42 91
19 57
89 28
46 38
16 45
57 78
0 41
98 88
26 59
77 57
36 14
9 86
87 23
31 90
99 71
67 35
8 66
83 23
36 35
22 96
38 9
77 77
72 63
99 43
76 41
24 73
64 49
87 17
92 76
24 45
75 77
74 16
90 68
88 4
95 54
37 52
19 70
84 19
56 81
40 11
47 51
59 56
34 58
69 19
7 18
17 66
4 61
65 25
93 21
95 58
30 32
7 35
97 91
94 7
79 98
71 24
