87 46
73 48
59 62
62 28
87 50
93 96
76 21
2 85
81 18
27 54
50 11
86 28
63 9
89 28
34 81
51 79
3 91
4 94
78 98
53 42
85 86
49 49
18 93
29 44
60 84
37 40
73 22
58 81
60 79
99 0
70 36
56 42
16 24
92 73
5 80
51 67
0 85
79 50
88 4
77 31
39 7
15 25
77 98
43 82
64 88
17 32
17 13
57 83
75 71
8 70
41 10
10 55
52 75
47 30
65 21
14 95
62 58
16 23
1 80
20 65
67 1
22 57
20 99
3 90
66 62
24 8
19 84
56 54
6 2
28 9
37 11
19 95
97 69
92 15
33 61
7 21
76 23
68 31
63 24
12 65
71 12
9 47
38 52
52 22
96 74
35 55
20 41
89 59
27 84
29 95
90 45
26 82
83 55
58 77
43 53
25 57
26 26
64 51
31 66
84 48
