12 81
43 41
27 11
89 59
77 10
17 69
18 69
4 75
20 52
21 68
31 25
4 6
52 53
7 60
32 93
78 14
28 11
29 66
86 52
44 97
32 92
40 56
99 64
77 56
99 71
37 13
25 10
70 28
40 46
58 45
23 54
49 29
44 83
73 11
26 98
72 36
91 21
50 9
38 53
19 78
76 60
53 8
54 48
55 14
16 97
76 94
69 6
19 58
47 2
61 15
84 69
92 43
24 0
3 7
75 74
75 56
95 97
35 70
29 33
63 16
72 58
67 38
82 32
9 63
33 64
9 13
30 64
80 34
27 62
34 85
15 36
42 59
94 23
46 32
28 29
57 81
22 83
89 37
2 66
91 6
51 34
88 1
65 98
71 44
96 60
40 55
98 12
21 96
51 31
59 14
71 98
81 60
23 57
41 51
79 91
64 86
32 93
90 93
87 38
42 94
