14 51
40 3
73 70
65 43
96 59
55 35
31 71
34 82
99 65
61 47
26 52
20 44
33 76
20 51
64 38
67 47
99 66
94 3
6 29
79 55
10 68
48 75
22 0
29 24
63 51
77 82
72 38
86 72
4 89
54 24
68 34
93 86
40 59
50 9
27 31
32 22
28 62
2 39
16 8
33 85
90 47
54 70
52 48
93 8
66 1
30 13
32 63
90 19
0 94
1 95
42 87
44 31
4 56
28 81
88 23
98 70
69 98
50 1
10 4
33 0
12 9
41 82
92 57
83 59
96 77
17 81
4 79
45 44
45 58
26 23
74 33
95 45
35 87
10 19
26 27
27 36
28 6
34 41
30 34
98 17
29 99
60 18
87 61
35 26
92 3
37 71
34 16
2 1
69 25
69 91
53 88
51 0
44 97
55 28
9 73
49 72
15 80
11 21
85 64
21 67
