11 2
22 96
36 19
37 88
10 9
13 25
47 92
6 60
85 52
84 91
4 49
2 92
72 4
73 40
74 5
75 85
26 78
51 73
59 51
79 61
45 89
94 21
82 74
63 41
46 39
56 97
89 42
87 68
57 78
55 57
47 3
55 57
10 69
84 15
70 78
62 71
96 77
57 10
82 43
81 7
91 95
45 45
71 31
29 53
6 12
64 63
66 65
7 23
26 73
70 71
90 29
10 54
12 88
44 64
14 20
69 69
19 31
14 80
20 1
21 7
86 61
21 51
61 35
93 35
24 8
24 20
20 58
25 78
48 51
3 93
76 76
29 54
22 72
33 67
80 24
16 99
38 73
90 34
97 0
39 74
67 53
9 22
42 68
32 29
8 27
8 7
49 22
47 89
48 9
56 40
50 78
6 11
30 29
23 48
76 52
69 10
97 18
26 20
99 94
59 11
