98 93
2 17
34 38
77 76
73 50
14 14
89 36
17 95
80 79
62 93
41 45
24 20
10 50
22 3
13 6
75 43
55 83
75 26
43 24
54 76
7 92
31 89
11 84
59 62
60 27
71 15
38 61
4 96
60 36
42 54
64 60
21 37
43 23
73 78
51 34
19 84
53 32
92 71
35 65
2 65
38 48
40 1
44 63
71 78
14 67
78 47
65 4
85 92
82 27
6 88
2 58
91 20
21 1
60 86
90 10
18 22
82 64
70 90
79 86
30 50
73 13
30 7
0 15
68 48
98 7
74 88
89 85
63 85
66 18
57 29
69 56
80 62
16 56
15 80
25 52
66 55
65 72
77 3
49 0
33 87
26 9
94 9
12 51
94 1
97 11
95 22
99 37
87 14
57 84
41 81
3 97
28 95
5 8
6 50
58 42
70 97
68 4
94 68
8 75
6 38
