32 61
1 95
82 45
89 49
12 85
34 94
11 68
39 38
57 74
7 63
7 59
72 42
99 47
17 99
67 43
2 10
58 53
29 91
44 99
81 37
7 79
32 57
85 59
33 31
88 24
87 55
25 68
17 61
71 73
82 66
11 16
33 45
40 0
47 24
97 51
79 27
98 8
69 24
38 15
18 12
56 65
42 26
69 31
17 64
95 74
3 8
99 84
51 22
85 91
90 5
0 32
68 77
2 78
79 9
83 43
73 90
86 21
58 55
28 44
75 28
36 51
41 77
15 93
63 82
33 60
35 30
91 96
27 54
21 72
92 64
80 62
83 14
22 92
14 66
27 36
4 54
19 36
50 2
62 47
32 83
43 45
26 6
13 67
64 28
29 91
31 75
84 70
21 91
88 40
95 9
11 90
42 76
57 7
46 23
12 30
7 4
56 15
35 49
52 47
89 18
