30 46
51 14
49 75
52 8
9 20
44 91
13 3
5 75
45 43
56 31
57 36
6 61
50 50
60 27
61 25
8 76
63 17
38 88
65 30
66 60
67 61
83 13
40 33
53 21
54 77
72 54
32 68
81 0
7 61
22 92
42 86
24 57
74 11
6 55
91 88
4 64
90 32
4 79
85 68
48 35
20 48
96 34
58 82
15 1
75 30
18 57
16 21
42 71
95 19
15 45
80 33
98 54
62 11
0 23
26 62
41 86
3 75
53 96
72 92
89 32
78 46
93 45
26 65
78 3
93 96
12 94
24 26
27 96
34 12
95 17
2 87
75 21
23 58
20 80
21 73
99 85
83 93
70 36
25 24
89 37
28 79
27 84
51 43
95 16
47 30
37 32
33 89
91 22
35 62
29 38
66 79
59 63
39 75
51 42
41 97
87 75
18 14
81 97
75 41
46 68
