28 88
78 34
55 33
91 75
39 14
60 26
41 75
99 74
13 49
25 63
94 73
68 47
29 95
19 79
14 48
36 44
65 96
88 70
47 69
98 80
62 47
63 83
76 27
46 69
51 40
60 16
35 31
6 21
76 72
5 61
57 13
87 98
12 84
53 49
89 32
70 93
81 79
72 56
97 70
55 15
58 9
94 31
50 58
67 28
79 50
64 51
10 5
9 88
12 92
67 2
66 50
74 85
46 24
3 94
46 89
20 59
31 56
47 11
35 21
82 79
95 30
52 52
42 70
4 90
6 89
76 83
82 38
65 85
54 31
18 87
22 81
82 14
21 12
44 80
23 4
55 43
79 40
67 8
1 73
99 86
90 77
61 92
81 10
1 5
28 45
89 0
82 49
56 75
16 2
17 71
38 28
83 37
90 27
4 56
34 42
48 7
1 97
83 33
33 43
20 41
