61 4
54 64
29 60
82 40
0 1
33 65
20 54
53 33
82 53
38 53
77 64
59 67
85 22
86 92
14 13
82 35
90 57
16 28
31 31
5 76
43 94
7 82
94 35
15 63
27 11
92 90
61 80
90 21
88 73
96 9
25 99
97 73
99 2
36 58
91 46
83 84
17 19
15 28
84 83
97 95
64 63
62 41
9 24
25 42
11 63
42 39
98 92
6 8
97 32
69 58
47 99
88 48
44 34
73 30
21 46
22 91
23 96
51 98
87 74
14 69
66 0
65 1
50 8
43 77
79 83
6 75
20 70
34 51
60 84
55 34
78 47
81 3
39 73
12 75
24 16
37 29
36 28
89 70
87 33
66 55
37 71
65 52
39 11
17 40
67 9
52 72
10 77
94 29
16 81
56 51
22 79
44 19
26 48
18 12
47 5
62 79
63 88
77 34
54 61
95 41
