5 59
53 92
5 7
56 37
78 34
35 28
65 20
84 93
79 8
17 76
72 20
13 33
63 24
62 11
80 45
49 4
80 80
47 26
96 14
12 57
50 95
17 34
36 11
41 0
54 52
55 14
54 83
49 88
58 24
59 72
83 32
61 80
55 86
40 67
1 88
51 26
11 42
96 79
39 90
94 93
97 81
65 59
72 23
4 18
44 8
75 48
76 51
74 14
87 39
79 58
80 66
43 40
21 25
41 36
70 22
98 10
23 59
85 9
88 72
89 58
85 85
67 60
82 80
56 4
60 64
99 99
18 98
5 77
29 5
59 52
19 95
19 28
52 70
35 70
30 13
5 21
4 79
25 31
64 63
3 48
10 99
49 19
8 38
87 8
80 73
30 78
57 69
51 12
45 6
42 2
27 29
21 61
79 37
17 46
20 87
7 67
3 25
88 68
35 47
61 81
