13 66
70 82
13 0
87 83
71 11
18 14
29 57
40 58
89 35
12 80
23 47
24 28
61 76
26 81
33 5
58 79
29 22
98 18
95 73
21 59
89 14
34 64
35 91
97 80
49 16
62 3
10 1
92 51
25 90
31 22
43 20
90 48
83 44
78 29
85 89
27 8
58 96
70 76
48 27
82 7
53 93
96 76
3 81
25 5
63 0
48 5
14 80
94 2
88 18
77 42
57 6
60 63
19 37
83 94
67 60
6 19
69 32
62 91
78 7
33 84
46 90
71 55
40 52
76 31
11 49
7 67
50 48
26 30
68 36
46 74
75 4
11 42
36 75
93 53
99 36
61 20
68 51
87 28
91 86
49 3
62 59
94 67
54 51
96 38
65 22
9 85
99 97
61 61
88 72
2 45
55 76
4 44
56 7
75 5
0 70
62 32
52 81
39 92
98 22
72 25
