73 10
54 76
13 64
7 39
0 42
5 86
26 12
48 10
9 24
89 90
30 7
89 30
2 83
86 60
2 68
32 2
34 97
21 76
22 3
75 22
29 58
66 16
33 38
84 53
24 53
65 20
30 29
14 58
61 40
2 33
92 45
23 28
56 91
37 21
38 28
47 69
67 80
60 76
42 61
27 16
37 96
67 33
94 8
31 9
36 49
15 44
50 67
52 55
31 86
18 18
70 30
85 17
22 62
74 20
57 55
75 35
6 76
52 13
4 22
4 85
97 82
45 36
25 19
52 59
30 43
59 10
78 25
60 44
93 35
69 65
17 77
66 18
4 40
77 12
3 32
13 78
32 25
62 50
53 59
83 40
16 43
95 74
1 88
87 83
88 48
12 38
90 96
73 73
80 94
51 69
8 73
31 21
81 42
37 41
82 41
47 29
72 71
5 18
56 59
95 28
