0 68
39 86
13 49
67 21
1 30
90 2
70 73
41 56
19 76
56 8
21 39
91 5
84 53
39 42
51 38
32 73
22 79
9 86
29 26
99 54
47 73
17 43
26 78
91 9
19 88
58 4
59 30
39 91
93 19
58 95
98 75
50 52
87 5
54 12
57 53
69 46
31 97
80 23
9 89
40 92
58 46
80 83
5 51
19 85
72 28
13 79
26 75
58 26
18 32
83 77
78 78
13 14
61 99
62 90
15 25
85 67
49 87
95 14
41 8
49 1
82 96
19 48
88 48
21 26
75 45
56 37
65 20
84 94
79 38
52 55
85 3
36 10
89 75
48 80
34 83
86 59
79 20
94 76
35 71
42 6
62 50
92 89
82 66
16 33
60 81
23 9
97 71
40 44
7 25
0 51
68 92
20 53
4 15
60 27
24 36
6 77
11 45
74 63
77 88
69 81
