52 35
22 73
1 25
9 5
4 82
43 37
78 26
82 2
46 3
10 36
67 40
42 17
75 26
55 69
34 95
16 35
29 96
78 6
40 42
17 7
64 40
53 77
88 51
13 57
90 30
26 0
44 8
68 65
47 67
0 64
88 23
79 50
30 85
56 85
24 60
57 23
79 83
25 49
43 70
9 7
58 38
69 44
45 6
84 63
99 64
86 80
32 74
48 40
66 39
74 84
91 31
92 27
15 30
39 60
28 58
90 66
35 12
4 33
81 73
41 40
91 87
59 76
19 54
72 81
94 58
6 95
11 15
89 7
46 3
34 28
89 3
99 8
62 45
80 21
3 53
44 78
34 47
14 72
97 97
93 75
21 41
0 52
98 6
60 38
32 19
37 84
2 31
52 17
20 71
83 20
5 60
63 17
23 75
59 70
5 99
51 61
27 53
1 10
7 74
33 89
