3 23
70 87
86 76
83 14
9 40
10 5
28 43
94 71
19 33
14 9
15 69
72 59
53 7
81 28
19 48
24 58
32 13
38 25
17 27
11 66
25 53
40 65
67 99
54 68
64 20
88 47
74 86
22 28
69 22
48 52
73 7
98 27
20 49
91 54
39 16
40 11
6 15
25 11
56 82
34 90
36 37
9 64
78 87
37 44
30 51
50 49
29 4
59 84
99 47
62 87
18 0
46 35
81 52
0 24
26 63
93 57
2 25
68 12
32 90
67 77
65 86
10 61
7 63
99 36
71 1
91 71
16 12
75 57
65 97
74 43
58 74
5 31
66 26
40 9
19 39
75 45
8 98
12 37
56 21
63 28
89 80
58 42
82 85
2 63
3 89
84 60
55 32
52 80
35 54
28 82
51 36
88 14
12 28
52 72
7 45
57 15
96 41
62 59
3 82
54 96
