23 69
67 48
94 43
54 98
59 91
60 50
26 16
59 36
93 10
18 20
3 61
92 12
72 37
50 19
32 18
13 33
24 60
77 39
4 72
73 36
69 27
97 78
54 87
53 35
81 68
8 62
47 9
9 12
78 78
7 37
16 53
74 26
39 80
88 86
84 51
0 45
23 21
89 76
40 28
80 95
95 9
96 58
97 41
98 68
12 82
0 88
46 2
16 65
2 15
80 49
77 55
11 65
43 29
31 34
79 81
30 49
34 63
12 41
52 52
90 88
6 93
75 13
17 44
18 7
79 70
96 50
70 1
64 85
40 6
24 83
25 98
51 13
27 56
28 35
71 19
86 90
82 93
46 97
82 73
74 14
35 86
20 81
29 58
94 70
89 76
19 95
41 34
42 88
38 41
5 66
22 88
19 74
59 99
17 45
84 42
62 62
39 42
83 30
30 7
63 93
