10 61
4 53
48 76
9 35
65 41
83 60
54 25
14 32
5 18
79 20
97 80
15 90
26 63
70 74
88 34
29 79
16 16
32 0
35 51
94 23
34 43
87 2
27 7
92 73
38 48
51 5
96 95
28 30
90 98
39 44
19 36
53 34
45 97
24 37
15 71
77 74
48 23
97 72
56 22
8 22
74 72
86 73
42 26
85 38
58 1
59 98
58 43
47 1
52 44
63 35
82 75
58 62
66 65
84 76
32 51
82 29
48 64
22 68
13 68
73 70
21 46
3 93
17 73
38 24
0 49
70 79
40 57
40 57
6 63
33 33
99 6
36 89
78 55
99 52
81 20
3 89
89 49
29 42
69 34
3 98
85 85
64 93
37 93
57 66
9 12
92 50
4 44
96 30
75 81
87 56
60 6
61 20
80 88
95 4
62 30
17 40
61 77
18 95
78 23
71 1
