32 20
11 85
31 23
70 83
45 7
90 7
72 24
71 99
14 3
47 16
54 75
78 0
12 88
71 8
58 17
2 25
59 54
89 54
64 38
85 11
69 37
97 82
15 28
89 76
51 27
78 48
55 35
53 16
28 14
8 47
99 2
66 9
41 22
30 91
26 81
1 63
38 0
62 46
81 52
5 22
10 95
91 81
92 1
82 54
65 36
11 62
35 73
13 51
41 79
94 74
56 60
89 80
61 94
65 8
44 85
97 57
1 7
23 3
13 84
16 6
46 98
63 31
18 49
29 15
35 18
37 73
32 43
68 18
97 85
44 56
92 13
34 99
3 33
5 2
40 77
41 86
12 25
57 7
33 83
94 93
46 86
59 76
33 43
79 35
55 87
88 21
52 17
4 87
42 9
20 6
96 50
15 39
57 52
48 93
38 4
67 41
0 19
61 82
59 36
42 77
