10 58
31 71
60 93
99 18
95 85
62 87
43 45
16 56
1 67
98 11
49 12
92 4
12 41
86 87
71 45
72 58
73 79
74 64
4 1
4 29
69 51
59 37
8 36
29 54
53 86
40 69
47 88
88 44
98 35
9 93
39 47
30 88
19 33
39 22
21 3
14 28
93 81
6 50
26 25
13 96
61 10
54 30
86 97
46 75
1 72
72 74
94 80
20 78
39 90
6 26
19 48
50 67
9 83
90 90
43 98
89 30
36 3
77 93
18 96
13 74
17 63
47 13
3 59
77 75
49 70
33 89
92 93
53 80
66 38
96 94
50 42
70 23
29 41
82 87
35 7
68 52
9 84
27 99
12 24
64 37
57 83
27 5
28 51
40 15
41 84
85 65
3 14
94 30
73 74
46 97
36 34
27 72
92 60
79 78
52 91
34 58
53 16
32 21
95 97
32 59
