3 43
22 91
8 15
59 89
34 66
8 41
9 80
91 81
13 24
13 73
13 13
14 94
15 16
16 57
24 27
34 26
19 40
96 6
17 74
22 52
10 22
2 50
25 87
53 98
89 14
33 76
29 46
30 19
83 39
32 15
66 97
97 23
35 35
36 35
37 41
88 92
39 3
40 20
41 57
90 24
63 84
28 55
45 11
11 44
73 51
48 55
64 63
18 16
51 87
1 28
53 84
54 21
55 85
56 66
4 30
86 21
51 39
65 30
61 54
49 40
63 54
92 38
65 83
87 52
91 32
54 75
73 79
70 22
58 26
72 59
62 47
27 89
75 46
44 98
22 14
70 93
79 95
42 43
0 19
82 56
12 15
84 74
85 71
86 0
80 86
77 46
32 41
47 13
53 88
18 93
93 68
31 67
95 61
69 6
99 13
98 61
94 44
91 2
3 82
28 15
