42 3
74 97
87 27
27 9
27 23
89 1
72 10
31 59
0 66
66 0
34 41
66 41
5 86
20 37
92 45
78 23
65 11
7 93
67 94
17 26
53 6
65 71
46 46
47 30
81 0
13 37
41 16
51 91
52 69
63 1
86 57
69 6
56 73
68 17
5 96
39 39
88 61
25 8
82 78
63 33
59 36
98 48
85 12
75 85
9 34
1 70
67 38
28 19
72 55
22 31
25 3
98 38
76 79
74 6
6 34
82 41
38 98
81 84
18 46
15 63
92 56
36 92
16 67
62 91
60 58
44 71
34 35
58 48
49 39
20 21
27 64
95 53
95 4
9 75
82 8
64 95
0 80
57 7
70 42
3 91
89 69
83 90
45 47
58 32
24 56
12 50
54 83
99 43
92 40
37 13
40 90
69 97
78 14
71 14
77 87
96 76
93 90
43 35
56 43
34 2
