75 28
76 64
2 10
88 83
68 71
48 79
77 63
29 23
83 4
84 99
73 55
6 66
35 93
70 21
89 36
90 52
91 3
92 7
3 16
77 82
21 34
96 20
97 52
58 11
99 85
0 49
12 44
17 15
3 89
85 8
5 43
86 13
81 31
0 5
58 70
57 22
24 57
88 82
39 62
97 40
11 37
16 82
75 19
40 87
19 20
57 74
84 50
12 25
23 69
55 34
21 31
26 28
49 79
28 10
64 80
30 93
31 46
30 99
94 93
47 23
32 31
57 53
43 27
68 42
92 99
40 22
28 62
37 4
25 1
44 54
98 52
67 36
60 85
15 6
78 28
16 10
51 30
25 23
53 27
72 13
17 73
56 65
8 25
1 80
59 43
24 16
80 95
26 60
13 7
39 15
56 2
95 9
7 64
41 90
33 38
42 95
45 86
26 0
78 33
74 63
