5 60
94 17
43 37
6 84
2 22
62 13
76 34
22 33
94 19
48 39
89 39
74 78
82 70
62 97
79 16
13 33
49 56
3 12
70 75
11 89
47 20
99 56
12 5
50 97
53 31
95 95
96 65
31 32
7 7
49 48
42 40
35 10
30 18
60 34
76 91
39 72
45 44
52 69
15 28
16 8
13 4
9 68
61 26
25 1
71 87
72 74
45 53
14 52
80 99
49 85
67 25
78 60
46 34
41 23
0 62
18 65
86 83
61 21
41 69
24 58
80 71
54 71
57 68
58 55
64 14
16 91
93 91
6 29
95 12
85 84
9 79
98 73
99 93
51 99
59 26
75 89
51 3
64 57
8 98
6 81
19 2
38 7
57 44
83 59
52 90
92 75
77 3
93 42
23 27
87 24
45 36
54 53
84 88
58 69
13 50
66 33
63 8
39 22
90 81
26 36
