80 10
8 31
45 28
88 73
18 81
22 18
51 91
9 29
53 66
54 36
55 13
85 26
63 33
29 65
59 43
38 9
12 67
90 13
4 69
79 55
29 0
14 69
23 99
61 59
97 24
11 12
21 65
95 60
27 54
32 36
58 75
76 77
7 13
54 50
57 13
82 42
50 74
51 94
25 32
69 74
49 59
60 37
87 96
34 65
89 53
86 43
17 82
45 76
82 18
39 49
91 78
48 20
57 24
75 41
92 67
22 46
16 92
52 40
3 81
42 55
5 72
73 98
19 74
73 73
39 55
35 51
2 58
9 40
73 76
83 64
77 99
20 8
17 97
96 1
37 78
28 16
47 75
79 44
23 48
21 4
71 57
58 7
70 84
68 97
31 26
12 64
10 54
61 6
47 84
30 31
81 97
99 62
41 53
64 93
46 94
95 52
1 15
12 92
56 5
44 40
