44 10
73 68
40 54
3 91
18 54
13 46
77 44
78 48
79 69
89 1
73 55
61 70
67 65
35 68
14 7
80 77
24 60
63 28
52 64
90 95
35 57
49 22
2 26
76 56
8 94
59 45
57 25
63 84
64 63
97 71
84 97
71 93
66 71
20 52
13 79
48 94
97 21
70 0
9 55
87 28
85 42
12 84
17 0
43 16
48 36
16 80
56 42
41 12
85 5
74 93
32 92
37 11
12 69
87 19
11 16
37 22
96 9
39 34
70 27
30 46
31 78
86 66
69 15
58 61
5 10
74 15
27 18
38 34
58 2
40 88
24 54
77 74
53 34
18 64
87 78
46 54
62 99
45 20
72 56
49 75
98 6
50 85
53 14
75 37
51 27
57 55
25 31
18 86
71 96
60 90
23 79
38 65
63 4
49 62
67 52
66 42
81 60
82 72
47 3
74 36
