67 1
31 23
87 28
41 23
35 43
94 29
95 34
80 2
17 52
47 84
10 43
14 50
53 6
12 91
95 36
89 1
94 98
27 53
56 91
53 96
23 55
44 92
15 82
97 37
48 93
25 60
33 89
78 13
11 21
16 17
40 28
27 68
65 24
13 33
81 4
79 44
8 96
22 38
84 48
10 51
0 30
44 69
95 61
83 11
68 56
46 24
76 37
31 88
45 3
7 7
74 64
7 18
52 8
56 91
40 48
4 9
46 76
3 93
3 89
14 1
81 90
21 14
26 98
81 38
96 79
39 36
77 92
42 82
71 69
25 17
34 39
64 70
75 73
56 47
31 74
78 72
65 32
22 57
45 85
41 15
5 5
58 59
66 66
85 67
77 39
42 59
86 86
89 99
20 44
31 63
98 20
57 64
19 19
72 63
97 90
78 13
87 40
4 41
1 54
82 82
