2 11
7 1
64 14
60 66
5 39
66 45
0 70
68 79
70 37
79 6
9 50
27 9
85 83
44 38
90 94
15 15
74 0
7 49
74 12
59 78
65 55
25 14
64 97
56 2
64 11
4 87
71 17
35 55
48 35
31 77
32 97
53 85
12 25
63 17
29 54
37 31
72 28
97 30
40 56
10 21
47 26
43 21
39 58
79 69
46 77
42 62
2 99
25 28
11 73
51 17
47 91
83 60
59 6
67 91
95 62
75 49
68 65
20 63
5 75
12 58
62 58
16 23
25 22
11 4
82 3
53 82
52 18
69 70
70 24
18 22
13 0
98 96
76 43
75 35
43 41
27 80
76 81
35 44
75 80
38 59
74 57
36 60
33 20
99 14
12 89
87 94
29 84
61 90
92 35
3 81
33 34
66 34
34 31
82 64
96 86
33 94
4 52
19 9
27 58
93 56
