18 73
70 62
57 6
15 15
9 97
74 70
14 64
25 46
61 52
56 4
12 17
27 71
81 95
63 65
88 78
49 24
10 21
77 75
28 11
81 94
33 16
90 97
22 67
72 19
37 20
94 20
95 69
88 90
2 23
42 53
99 39
22 44
5 46
9 68
31 18
36 35
60 41
18 26
85 99
8 93
16 64
10 60
65 83
15 51
32 55
12 82
62 92
78 4
41 74
18 24
19 41
96 73
21 84
10 11
30 55
2 86
25 7
66 87
27 79
3 98
67 2
99 1
31 4
45 78
48 1
34 90
40 88
5 7
37 58
38 25
39 63
63 6
68 87
3 57
98 98
0 46
45 4
46 34
47 71
48 36
94 9
11 79
50 42
77 91
77 83
70 69
80 90
36 12
36 48
89 0
59 70
60 18
31 44
43 95
19 37
29 17
97 81
72 21
54 99
92 25
