99 95
70 4
15 61
18 1
88 44
75 93
82 41
77 28
74 45
39 8
42 96
3 96
85 69
58 80
73 12
6 53
72 49
90 1
7 27
70 27
93 43
68 18
88 0
58 23
95 46
98 85
81 80
0 66
40 2
71 34
3 51
28 94
89 60
5 91
7 13
8 39
9 11
10 10
90 39
12 84
29 50
37 87
4 54
76 80
17 66
22 79
19 78
49 36
21 3
2 78
45 61
56 55
12 43
26 71
47 53
81 24
9 39
32 86
31 17
22 61
64 16
18 10
37 93
33 60
33 98
52 90
65 98
40 6
96 59
83 52
89 20
11 28
57 56
5 1
24 2
42 22
20 31
50 93
24 86
16 61
97 12
18 49
15 63
58 85
62 31
35 94
64 60
60 10
76 67
48 59
63 91
49 54
42 38
73 3
63 46
23 44
69 46
41 30
83 38
77 39
