65 82
45 27
68 47
74 11
7 25
17 87
0 6
2 29
56 56
55 71
41 14
48 71
90 55
92 23
35 59
34 68
94 15
75 51
44 89
59 21
99 91
39 10
37 32
80 25
32 69
72 13
67 25
27 52
24 93
40 44
87 43
31 3
77 88
81 9
89 91
40 55
66 90
48 48
57 95
82 34
97 22
94 95
20 80
16 66
1 23
21 21
3 12
87 22
83 81
38 86
19 75
61 93
69 47
58 99
85 80
83 59
59 46
60 36
15 51
78 6
26 33
18 4
48 26
24 70
49 18
22 22
50 14
46 76
54 68
86 43
28 71
14 12
96 28
86 52
84 73
40 52
33 62
28 0
38 9
84 25
64 73
38 70
39 99
61 33
58 5
42 36
16 3
82 78
69 57
53 97
58 33
21 39
20 37
63 36
62 22
4 54
53 49
73 79
55 80
93 18
