15 49
19 1
53 52
66 63
11 97
43 60
95 52
56 4
16 12
7 12
41 75
54 75
20 17
79 19
22 76
25 46
65 99
25 50
45 74
73 41
82 40
29 99
69 49
51 31
24 93
40 75
33 49
9 85
81 98
81 8
49 21
64 3
50 58
97 75
28 18
31 28
44 37
2 3
5 9
31 28
91 64
92 93
12 91
65 14
62 96
46 21
87 45
4 90
12 20
0 85
22 88
10 47
39 50
5 76
16 51
63 81
35 55
87 61
39 22
71 6
7 19
80 23
47 85
88 67
36 48
77 38
66 67
93 60
2 30
28 26
53 84
60 29
1 50
57 51
39 25
72 15
34 32
63 24
86 64
42 6
78 92
95 69
13 42
79 55
93 34
21 79
94 66
89 70
62 44
72 30
98 33
83 97
21 13
74 96
83 76
65 39
4 6
89 54
3 59
31 27
