87 99
95 96
9 68
97 23
4 72
7 86
82 99
77 73
37 33
54 92
8 94
65 43
47 31
22 35
2 97
27 11
64 81
58 5
50 90
54 80
49 68
37 12
10 70
29 86
55 44
24 37
70 27
91 67
56 93
57 69
59 15
42 20
90 26
68 0
25 91
75 88
57 32
14 52
89 91
12 0
94 9
13 69
74 11
11 44
88 45
34 70
7 86
50 85
92 19
62 76
90 23
30 74
83 8
51 98
38 63
46 60
57 55
1 23
25 25
28 74
42 64
8 78
96 58
98 72
40 34
53 39
66 56
36 75
48 92
34 36
28 45
55 85
17 70
50 6
53 44
71 38
91 19
13 11
71 41
74 88
79 97
95 84
19 21
55 18
28 80
9 39
20 82
10 62
80 28
2 6
60 24
3 65
4 95
63 93
76 87
39 18
40 61
54 5
90 29
52 1
