94 86
5 3
81 9
12 69
92 43
14 20
36 22
46 36
25 34
23 96
74 58
87 0
22 46
24 13
68 76
89 25
98 40
90 74
51 15
99 84
34 54
93 77
80 29
78 5
13 31
8 73
79 44
61 28
75 7
49 76
77 71
7 52
89 47
33 67
65 58
4 69
54 74
19 62
91 50
3 39
20 8
24 40
84 17
92 87
8 95
79 5
10 88
2 90
18 14
47 42
37 35
81 15
17 27
1 73
66 80
55 38
75 24
56 70
15 57
65 22
53 6
21 88
50 97
16 44
15 22
4 51
61 30
57 28
60 41
96 68
95 74
63 78
78 39
62 59
72 16
98 21
88 30
66 4
58 71
59 31
42 53
56 88
38 41
29 9
11 86
89 11
43 82
38 85
1 45
64 94
55 93
82 72
17 89
30 59
54 75
95 57
33 5
12 26
83 72
64 48
