92 22
36 94
60 46
98 48
87 91
36 49
18 51
61 85
9 8
61 92
24 84
48 35
8 93
30 25
14 22
66 81
4 19
32 42
5 24
64 27
66 41
88 50
95 65
45 38
6 67
0 37
70 74
78 73
25 0
99 74
90 89
87 5
83 16
52 75
56 99
14 17
73 40
79 49
27 15
90 2
18 33
76 43
89 3
68 55
53 54
96 60
91 59
47 47
88 80
62 58
26 20
70 83
9 1
69 49
65 93
72 45
82 21
67 43
0 64
63 65
18 57
2 94
57 0
68 34
33 46
86 68
97 78
95 33
55 66
26 52
17 71
10 13
42 20
35 16
7 40
69 19
19 10
28 39
29 49
30 98
44 11
30 32
33 43
45 35
94 51
97 85
73 30
1 16
56 69
99 38
77 79
12 36
43 23
30 50
84 41
46 6
3 92
22 4
49 79
81 15
