92 40
4 51
99 35
14 66
65 30
15 53
20 23
51 24
15 90
79 28
10 36
90 19
30 84
95 94
77 3
72 52
19 96
87 85
94 12
61 91
90 44
60 7
3 87
49 1
89 0
95 2
62 41
88 32
48 86
37 44
0 6
31 51
2 66
7 90
36 57
56 29
91 97
26 98
8 2
9 59
10 42
84 91
1 44
49 85
85 45
53 72
13 73
86 55
17 27
40 25
54 57
58 7
41 5
27 46
37 3
25 25
26 48
71 94
39 5
29 97
4 50
92 69
32 54
22 0
34 74
35 51
11 62
84 83
38 34
98 87
67 51
96 17
61 21
34 16
70 3
42 81
82 90
37 94
84 89
91 81
71 64
82 24
59 45
31 35
77 23
14 76
40 80
95 42
99 81
52 18
60 11
71 82
64 63
93 76
30 55
78 17
80 68
5 78
68 72
69 47
