54 74
23 37
52 75
24 91
15 71
21 74
32 89
68 42
34 52
80 24
86 56
37 44
25 50
60 25
84 59
41 79
63 35
53 46
44 33
52 82
48 11
47 57
39 22
30 11
39 62
4 99
57 97
53 86
51 97
55 88
14 65
90 22
14 70
62 72
74 8
79 23
29 47
67 94
25 25
86 47
99 8
49 88
0 3
7 62
19 66
36 39
60 50
91 92
17 69
92 83
2 1
16 96
49 94
79 99
91 28
89 17
5 56
83 76
40 26
23 66
48 10
87 29
9 20
89 81
90 77
40 46
98 96
42 15
94 61
21 95
78 96
97 42
98 45
66 9
73 89
1 43
51 70
66 2
11 31
61 85
5 10
36 43
74 12
69 41
27 98
38 67
12 75
58 20
10 82
43 45
93 83
48 73
17 93
19 95
23 64
53 29
80 88
23 93
64 78
24 18
