32 81
37 82
44 53
38 95
45 99
20 99
17 19
23 8
24 70
12 32
4 5
35 64
99 24
85 23
44 31
31 52
30 78
9 65
34 91
44 44
44 40
60 44
60 47
54 14
40 82
65 14
42 3
43 41
44 54
77 69
36 16
47 75
81 67
2 83
10 69
51 51
25 36
7 61
54 69
44 22
47 17
29 51
7 21
90 57
80 66
14 85
28 27
93 53
64 95
70 92
66 61
86 89
71 40
41 88
59 92
11 64
43 24
62 23
74 56
75 88
68 69
90 79
48 4
49 15
46 5
26 1
89 15
83 59
91 15
33 94
6 13
53 58
88 94
20 38
93 33
18 96
22 75
16 1
65 58
40 83
96 80
23 9
72 51
84 48
41 48
94 25
0 34
3 80
4 3
37 63
54 17
58 92
73 98
84 67
29 55
25 98
12 32
49 73
91 37
15 18
