93 29
80 6
3 47
14 51
8 26
89 0
13 13
48 20
54 50
42 5
51 55
73 93
78 5
39 40
47 38
56 49
64 26
92 27
59 11
75 11
35 11
62 59
37 38
34 30
65 76
74 1
82 25
27 83
41 16
91 35
3 64
72 9
31 7
63 73
72 53
92 52
73 70
31 67
17 57
14 43
18 59
80 26
4 12
28 71
90 53
6 51
63 94
19 78
89 69
23 32
97 69
49 90
28 19
25 84
17 52
65 96
19 99
77 41
68 23
2 52
68 23
2 66
11 99
58 46
84 84
6 39
60 67
79 95
77 2
83 61
88 59
42 94
34 61
54 51
26 24
23 9
94 37
13 50
81 89
5 73
57 95
22 28
33 44
24 76
36 22
86 45
20 81
87 87
96 95
98 75
24 33
21 70
91 10
78 54
66 83
59 53
85 15
83 1
39 5
21 66
