87 71
18 84
88 8
59 53
77 30
50 89
66 68
83 36
26 67
17 7
45 16
77 19
84 28
22 9
91 0
87 1
49 25
98 27
62 41
93 64
69 47
52 91
24 33
41 6
9 85
14 99
0 16
4 72
4 49
5 23
81 35
1 18
88 42
70 68
76 11
85 64
12 15
95 63
95 64
13 54
4 51
55 90
86 79
71 35
8 86
21 90
72 59
39 92
22 34
81 4
84 84
78 80
81 1
2 69
38 17
10 3
44 6
75 64
63 29
51 31
40 69
17 97
94 3
78 96
3 23
95 27
48 0
41 89
43 43
87 25
33 99
74 20
46 46
83 86
22 32
76 11
80 37
47 96
22 39
37 65
14 94
70 17
82 60
38 23
61 24
60 65
30 50
31 77
12 99
52 62
60 57
73 58
56 65
70 95
54 44
7 92
70 60
6 38
74 35
42 66
