22 92
57 95
28 74
52 29
29 65
48 87
2 82
71 84
72 63
74 14
89 16
62 11
90 15
55 57
65 53
79 31
49 28
68 55
10 30
83 45
81 39
31 34
14 0
33 4
88 53
77 54
38 76
3 88
6 12
44 94
54 3
4 13
64 97
21 44
85 62
99 29
0 85
64 46
97 64
39 43
95 5
18 56
6 60
38 93
37 20
7 35
10 86
24 50
97 63
60 8
14 48
18 24
83 69
82 75
11 94
66 61
20 0
34 92
52 72
19 78
23 41
25 81
9 34
96 79
66 59
48 47
67 44
86 20
36 61
26 0
34 70
19 31
22 8
95 89
91 80
17 80
59 28
91 1
0 76
89 88
65 18
37 51
61 12
70 78
48 58
40 29
3 46
51 31
32 76
49 73
54 90
76 77
15 27
93 17
38 67
51 84
18 84
61 1
62 61
63 98
