28 82
32 83
99 64
8 28
5 62
8 32
42 48
18 37
80 38
63 68
58 14
43 69
12 20
96 30
68 28
69 10
61 19
71 55
15 55
3 40
94 5
21 75
9 82
98 86
62 27
91 24
56 52
82 16
82 38
33 35
46 59
85 77
84 37
44 53
19 53
3 57
90 29
72 94
72 73
74 97
16 0
21 18
78 75
22 41
60 68
13 77
97 61
88 86
47 81
33 2
4 59
5 98
30 1
46 26
37 29
54 79
10 18
11 92
93 76
13 11
41 17
11 76
89 79
9 28
39 18
7 77
95 48
49 80
4 87
6 51
75 41
20 38
16 58
30 24
3 6
29 54
7 67
31 31
46 93
66 29
26 41
50 34
45 95
36 76
43 68
27 81
93 93
41 45
23 38
15 78
79 20
97 1
67 11
96 9
48 34
49 14
89 67
52 85
25 75
53 65
