16 36
48 77
79 41
2 99
85 63
15 72
25 47
34 86
81 77
13 33
29 78
36 0
97 44
76 29
33 99
10 78
20 62
90 56
50 54
38 77
21 20
40 94
19 53
42 46
54 32
8 96
80 29
37 55
49 69
48 13
94 48
50 9
17 63
52 27
57 45
14 73
32 5
30 70
58 14
56 24
10 66
7 57
34 96
28 18
51 84
98 34
33 59
16 23
94 19
13 1
74 31
70 61
84 85
52 24
88 8
10 26
71 88
53 24
8 10
73 78
4 76
12 75
66 38
11 69
37 56
45 22
68 76
86 48
6 59
72 51
43 31
43 50
82 64
9 19
57 41
57 58
0 12
38 70
87 14
98 83
89 92
75 46
40 74
59 66
3 17
22 20
12 74
60 98
21 67
66 12
9 67
13 55
58 30
39 32
87 18
0 3
15 35
65 44
99 95
68 93
