19 83
9 87
26 26
81 78
75 92
67 53
87 34
92 82
30 99
12 1
98 29
23 1
23 20
56 54
93 65
40 83
90 40
83 16
5 86
9 66
44 73
53 22
63 96
89 21
61 14
49 55
14 95
60 75
94 29
53 18
65 8
40 39
74 89
72 9
80 84
74 55
61 77
25 72
94 58
4 45
38 28
17 4
5 45
33 31
3 80
4 20
91 97
48 14
72 4
73 42
1 47
90 94
31 79
68 38
91 49
21 93
80 64
46 13
56 33
57 85
10 21
7 61
56 47
48 69
88 57
19 63
24 97
43 96
92 76
39 22
70 76
98 63
27 87
84 10
59 24
74 34
0 86
1 75
21 37
32 50
12 82
5 46
32 2
69 79
76 62
11 30
36 99
91 18
44 62
57 6
14 51
15 7
16 95
52 85
30 97
17 35
20 70
21 50
51 2
23 96
