86 2
98 61
58 0
12 89
1 62
50 3
37 57
6 47
32 69
96 39
7 20
58 82
27 50
3 50
3 67
96 59
79 78
41 44
74 48
58 18
59 98
63 90
20 54
88 33
60 23
73 59
8 29
3 78
64 40
68 57
10 28
99 99
83 9
22 71
25 34
76 9
30 17
79 28
84 77
88 9
78 70
80 80
17 90
44 26
15 17
81 28
75 18
37 31
4 22
49 35
54 57
90 82
88 72
92 21
30 98
94 24
42 14
21 67
47 17
87 81
38 44
11 63
93 66
5 51
48 45
65 84
5 77
67 75
91 90
7 37
14 53
46 61
49 71
12 4
68 46
66 63
97 87
74 60
91 52
72 36
19 15
86 19
64 76
93 65
38 81
24 34
43 68
45 50
33 85
60 24
61 16
55 33
31 56
23 95
24 52
23 5
7 41
93 11
32 51
55 69
