36 70
19 48
5 45
82 75
79 77
60 92
82 35
12 96
48 23
0 63
37 53
40 57
1 30
67 29
70 26
21 69
85 53
15 9
30 50
42 34
51 55
41 14
42 22
76 78
91 29
54 24
30 68
28 51
98 47
8 94
39 62
65 28
51 62
20 75
61 94
60 21
61 59
44 79
94 87
14 38
11 88
89 32
88 8
14 7
55 97
18 49
4 91
26 82
27 22
17 57
38 64
7 45
82 81
75 11
87 65
46 99
8 8
90 91
56 71
31 84
83 40
95 24
70 92
42 73
33 67
12 11
45 46
77 23
93 35
13 83
17 63
95 40
24 29
16 58
72 27
99 25
86 20
49 52
62 15
60 34
78 63
33 39
69 9
44 64
2 19
97 58
63 3
66 54
3 83
32 57
90 68
2 41
13 25
16 26
10 64
74 6
43 48
43 13
0 2
55 93
