54 47
84 24
64 53
76 52
58 62
37 58
60 90
61 32
62 48
17 68
76 8
52 10
42 40
34 76
64 81
68 55
67 4
71 96
55 76
30 57
74 43
75 72
27 22
45 25
98 11
65 41
21 5
63 3
41 33
89 63
37 56
14 92
86 99
84 46
71 74
66 49
17 2
93 97
54 14
31 91
4 90
34 99
56 54
1 26
11 73
30 23
78 75
70 53
31 32
28 71
4 60
48 18
11 2
0 63
48 65
75 31
20 7
16 33
79 54
45 93
14 2
81 50
25 1
19 91
99 27
70 19
6 52
21 60
68 7
51 23
24 42
17 4
12 69
27 6
39 38
43 59
56 15
40 13
44 22
13 87
11 80
92 90
79 82
4 29
77 20
82 14
43 90
83 22
29 54
26 5
39 95
59 96
29 2
35 15
36 67
37 8
40 0
27 86
52 37
82 72
