99 72
13 73
7 55
20 79
78 90
39 2
71 19
74 44
56 16
0 70
69 29
77 85
60 28
28 4
62 32
63 12
89 81
65 30
62 3
76 90
68 39
96 28
70 43
64 97
98 0
73 54
60 33
27 5
84 92
21 8
72 18
79 7
70 1
81 40
52 47
48 97
71 67
23 14
86 83
32 90
50 88
80 75
65 79
36 93
55 82
18 62
94 91
2 92
42 18
17 65
98 36
25 87
0 25
80 79
54 61
23 76
74 55
5 5
83 5
79 15
23 91
22 44
88 16
62 40
12 94
10 88
46 29
47 51
16 30
34 4
6 35
3 92
11 6
77 95
38 33
29 18
12 43
25 41
78 36
27 19
91 5
26 25
30 82
31 55
75 96
9 59
67 44
51 62
36 77
37 49
49 99
93 48
85 41
24 33
61 59
0 5
59 32
7 21
30 12
97 22
