68 22
76 61
67 1
27 75
45 8
51 41
6 39
98 43
80 66
29 99
73 50
74 41
65 60
68 1
37 0
31 4
78 15
32 56
64 15
14 31
66 50
72 86
89 85
63 64
72 88
19 94
28 43
69 73
21 63
82 34
77 71
74 51
3 20
56 9
49 61
11 59
15 28
64 2
31 6
91 90
87 87
96 73
78 86
47 83
2 91
36 64
92 17
84 4
62 81
95 28
72 98
93 13
80 26
42 28
31 46
70 48
10 68
68 40
10 79
52 8
29 59
57 7
8 89
10 16
23 5
52 2
55 22
53 70
60 26
58 64
29 55
16 49
25 32
65 39
21 71
30 91
76 42
33 61
24 48
66 32
92 7
81 6
97 85
33 37
14 81
5 23
15 24
49 80
34 13
35 95
12 22
37 13
62 85
54 55
60 75
41 52
74 50
43 99
44 71
37 30
