93 50
21 62
30 44
80 61
83 93
24 64
3 88
53 44
2 62
16 26
77 42
44 11
68 35
56 28
40 89
81 95
36 31
37 45
18 55
1 63
24 95
57 72
42 11
0 53
47 48
86 13
2 51
70 15
28 26
38 71
64 35
94 41
56 39
53 54
54 82
78 52
6 21
57 27
22 42
66 13
71 14
95 97
62 98
43 43
23 58
27 33
9 46
52 97
90 90
49 49
27 12
51 38
84 31
24 41
45 73
74 19
25 13
70 38
98 59
41 45
21 63
98 8
18 32
14 2
10 50
79 37
82 24
29 44
52 46
89 58
23 29
46 87
12 77
60 48
94 54
33 85
29 74
62 47
91 91
99 50
53 81
4 68
84 2
4 61
12 69
5 16
65 75
76 63
34 90
9 89
33 25
39 80
20 62
4 75
0 55
61 76
32 76
17 5
84 96
67 33
