57 79
58 36
30 67
50 22
67 17
62 7
84 14
70 20
65 19
79 35
18 49
42 24
79 91
37 93
36 61
40 84
38 91
69 44
97 18
76 34
11 78
9 54
89 80
80 21
81 8
87 15
80 53
30 46
85 29
68 99
23 90
4 6
26 47
68 57
95 19
10 41
88 63
55 67
70 60
55 86
75 5
72 33
54 99
9 57
39 76
15 95
64 30
56 77
7 90
55 51
59 16
8 2
64 89
29 42
9 20
64 51
10 31
26 80
78 96
67 87
82 85
39 20
32 6
20 13
12 71
49 0
59 68
24 91
38 15
28 30
54 55
40 59
23 58
13 40
32 12
52 1
23 35
34 81
45 73
96 11
83 69
27 21
82 3
13 98
41 81
89 96
52 41
94 63
4 25
52 83
43 57
48 66
44 53
16 35
94 58
28 50
25 66
87 76
47 37
83 60
