46 36
15 98
25 86
17 39
69 43
44 89
20 78
90 43
59 82
5 9
4 83
10 37
11 77
31 4
88 51
81 84
22 97
46 17
82 26
29 83
66 35
35 28
72 42
37 52
93 65
2 70
47 33
1 23
59 15
10 15
64 78
48 26
91 44
38 84
88 62
87 18
50 90
19 12
28 79
53 56
54 68
58 50
56 17
68 95
94 72
53 57
93 80
6 13
92 16
79 29
70 80
3 12
72 56
62 20
97 94
81 44
70 6
94 85
0 14
30 27
77 16
76 70
96 61
63 63
35 15
21 73
21 58
57 77
51 48
56 24
46 14
82 95
5 43
44 73
36 81
66 55
38 13
91 30
18 47
89 85
99 40
30 11
90 54
45 41
74 8
73 71
24 99
96 29
7 51
92 79
33 56
7 50
85 75
49 13
32 60
39 64
40 17
14 2
32 47
71 65
