80 7
24 89
57 42
52 35
91 21
31 80
55 32
61 34
20 8
49 69
63 84
92 43
70 44
34 3
66 0
42 31
17 40
2 26
10 17
78 61
68 34
71 39
82 47
1 83
85 48
77 97
50 93
65 76
75 42
8 18
21 77
4 33
5 29
85 19
13 63
49 90
12 0
79 71
11 43
35 75
0 16
55 94
56 57
57 19
76 32
37 67
60 53
96 72
79 60
24 41
35 83
95 24
94 30
89 13
89 28
59 15
88 98
64 25
38 30
98 51
86 45
74 73
16 84
3 18
54 75
79 85
54 32
78 27
52 57
55 96
2 20
93 28
60 88
87 84
41 0
89 73
64 51
18 81
40 59
59 36
15 37
9 58
62 23
65 11
66 71
99 74
51 25
36 87
13 52
6 72
52 36
65 99
14 78
5 12
76 91
1 13
50 44
4 22
50 10
46 81
