9 78
10 0
86 17
70 2
52 73
80 14
81 13
62 95
56 26
17 0
83 22
76 97
67 99
42 75
59 86
15 38
64 72
4 53
78 0
62 58
67 29
69 65
62 96
60 88
25 80
25 11
92 8
61 9
40 39
77 75
26 4
31 31
35 0
79 19
82 47
81 55
52 50
85 41
48 1
23 18
53 67
37 34
5 60
91 2
46 60
24 67
94 69
95 3
12 41
8 26
98 52
48 30
30 11
64 99
65 5
3 99
49 69
33 39
35 66
39 88
33 43
46 37
18 64
41 11
88 27
84 68
27 71
69 74
6 32
57 7
76 51
22 86
20 18
29 93
70 51
40 85
6 35
13 12
92 28
61 8
28 66
29 30
68 1
46 54
58 84
33 3
48 14
35 43
19 83
37 69
16 39
39 63
47 75
36 43
60 74
43 45
44 12
90 23
59 19
87 22
