38 12
65 91
69 97
48 0
48 36
90 22
43 81
35 87
70 46
3 21
58 63
95 66
9 26
35 64
44 99
89 39
78 92
73 50
70 22
61 18
46 70
58 45
84 91
6 76
29 78
39 82
88 64
84 24
94 50
91 67
40 51
4 50
68 78
1 89
54 95
71 54
69 38
71 87
27 32
80 57
55 45
77 15
23 98
85 88
47 89
80 57
60 47
90 49
82 56
47 66
83 55
63 84
91 29
89 47
31 35
76 42
56 2
30 27
20 4
0 57
13 49
6 51
74 87
25 9
26 75
98 93
13 80
94 19
48 49
41 9
63 8
33 8
93 90
59 7
96 53
77 0
37 3
39 14
24 86
33 75
28 72
74 62
61 81
94 72
79 67
10 51
16 78
49 61
50 54
51 96
52 12
15 33
11 93
8 41
34 65
45 23
17 75
5 34
83 32
18 49
