20 17
45 25
38 95
28 33
95 11
8 39
37 25
79 37
81 74
91 80
52 54
94 74
61 76
86 27
61 56
88 22
54 99
71 96
3 90
81 82
68 8
51 12
57 13
47 23
32 24
19 34
75 98
79 80
99 69
31 81
42 34
2 44
16 9
35 63
79 60
38 50
69 62
87 59
87 58
93 5
4 65
65 14
45 48
20 25
73 41
70 77
49 13
68 8
72 80
26 1
59 3
34 78
27 30
46 17
84 94
20 56
56 58
5 16
83 32
97 7
18 9
89 87
38 84
93 0
40 7
15 93
68 82
92 73
76 11
67 91
55 13
19 41
33 29
16 52
63 53
87 12
43 48
80 18
61 46
82 18
24 1
95 33
6 95
52 85
10 6
47 59
35 62
39 10
64 23
51 96
97 69
41 67
60 8
43 31
71 37
36 70
14 21
36 72
49 81
11 28
