66 84
53 0
59 91
22 40
70 1
26 47
72 83
43 78
94 4
54 17
34 39
36 77
2 62
79 20
80 39
77 75
75 84
94 44
7 21
45 82
64 42
87 37
16 1
96 0
37 39
99 73
57 42
29 13
81 95
44 82
87 67
20 29
6 60
4 51
64 87
6 70
95 11
19 77
4 27
24 76
6 99
7 96
55 78
36 67
25 65
90 55
12 58
19 96
41 84
90 52
97 15
54 96
14 32
96 68
26 9
9 8
2 0
35 98
51 97
25 89
61 75
30 52
71 50
98 43
30 14
31 18
61 27
76 22
50 88
23 49
20 35
63 4
56 76
69 58
20 94
22 19
99 73
43 98
28 6
8 68
93 46
99 19
48 95
88 71
33 34
27 57
52 38
11 79
75 18
86 3
13 74
57 34
49 93
68 55
46 67
50 27
85 37
5 17
33 34
16 85
