3 26
39 88
57 7
58 55
69 76
79 72
14 90
98 44
84 7
98 53
99 52
14 76
39 19
83 70
69 6
50 38
6 88
13 44
63 54
24 65
75 48
16 94
49 39
12 87
82 29
91 89
81 38
89 4
0 15
38 47
30 71
6 4
67 0
78 71
93 68
82 35
92 17
91 51
93 30
78 28
78 33
96 5
97 56
15 96
77 35
18 1
83 43
54 50
98 75
4 77
60 95
61 76
3 11
22 42
33 4
31 0
2 1
42 93
23 9
76 40
21 31
40 58
41 73
19 74
8 59
86 5
62 22
30 63
23 14
95 89
17 41
50 36
6 73
66 23
9 53
74 20
28 11
10 58
20 80
35 4
25 18
96 63
73 66
60 15
64 91
37 53
43 25
80 97
34 33
32 90
56 47
77 45
71 96
2 85
64 9
88 66
81 27
58 34
55 17
33 48
