73 41
19 11
7 18
10 76
22 40
99 56
14 39
24 34
88 68
42 74
50 69
93 87
7 35
26 51
32 61
30 4
30 56
99 70
29 94
47 5
57 77
32 35
19 60
0 69
28 79
20 97
1 6
19 53
46 93
81 52
16 68
37 63
25 38
15 47
87 91
53 78
60 50
79 75
98 85
27 41
58 84
48 21
59 94
26 95
84 17
91 60
43 83
59 42
66 22
96 43
68 90
78 36
38 56
11 2
25 45
2 99
74 51
79 87
82 49
61 5
8 13
79 71
84 64
51 79
21 53
85 44
31 33
85 89
40 80
43 67
29 23
33 86
90 54
71 80
92 12
0 2
14 73
77 81
96 57
80 88
65 91
41 94
83 12
1 12
62 28
3 13
86 21
2 98
58 20
89 48
65 9
71 58
22 46
72 68
40 39
35 69
52 62
22 20
9 17
32 26
